3.505057892242035233e+00
3.368845637742575061e+00
3.309719652324528028e+00
3.262803463192729403e+00
3.236592470825492729e+00
3.205404862180932568e+00
3.197960198699653755e+00
3.174303448045408427e+00
3.166158744267054903e+00
3.154232735757704020e+00
3.152308538362577295e+00
3.148166904201755489e+00
3.135540356883754765e+00
3.127359402644169784e+00
3.130076496632068217e+00
3.125481085343794430e+00
3.123558772074711776e+00
3.124198664318431629e+00
3.125969885231612455e+00
3.118663653150781201e+00
3.120014286660528935e+00
3.117970828886155843e+00
3.117592187670918058e+00
3.116809035276437712e+00
3.113972987447465979e+00
3.111034503230800663e+00
3.112049167806452132e+00
3.102278630454819108e+00
3.102394203086952018e+00
3.101105651298126542e+00
3.097560198276073873e+00
3.093815622391638875e+00
3.091124783862720715e+00
3.089506660188947595e+00
3.090012028619840478e+00
3.085879469846750212e+00
3.091180429830179488e+00
3.088106797887133492e+00
3.077870932492342781e+00
3.077173137045525753e+00
3.075571696479599382e+00
3.073847735082948507e+00
3.072379350662231445e+00
3.072423176331953609e+00
3.071756551792095280e+00
3.066733064589562296e+00
3.059695075084636784e+00
3.063163436852492261e+00
3.059738431658063806e+00
3.059024987282691121e+00
