4.582811325482335008e+01
6.229015284389877394e+01
6.599849661738912232e+01
6.825357053370082383e+01
6.960661488348785042e+01
7.108494111751440414e+01
7.181157604610373824e+01
7.241292909045351678e+01
7.421698822350288083e+01
7.361563517915308807e+01
7.344024054121773304e+01
7.331495865697820591e+01
7.364069155600100203e+01
7.476822851415685989e+01
7.489351039839638702e+01
7.612127286394387227e+01
7.612127286394387227e+01
7.679779503883737846e+01
7.707341518416437509e+01
7.734903532949135752e+01
