2.053794052865770325e+00
1.865258120355151927e+00
1.816096320984855517e+00
1.791860775342063228e+00
1.775327464890858575e+00
1.761873633142501561e+00
1.749288521115742068e+00
1.743920840914287229e+00
1.724620815307374988e+00
1.731505916232154441e+00
1.732626933900136779e+00
1.730531732241312737e+00
1.726466969838218013e+00
1.714928222081017806e+00
1.714431045547364141e+00
1.705338761920020652e+00
1.704496262565491582e+00
1.696186470606970476e+00
1.693749007724580258e+00
1.689414885309007408e+00
